NOAA 15                 
1 25338U 98030A   20177.36306006  .00000064  00000-0  45550-4 0  9995
2 25338  98.7160 202.3738 0009403 235.9854 124.0433 14.25974599150357
DMSP 5D-3 F15 (USA 147) 
1 25991U 99067A   20177.14179491 -.00000106  00000-0 -30416-4 0  9997
2 25991  98.9698 148.5680 0010978  79.4341 345.2931 14.16482267 61535
METEOSAT-8 (MSG-1)      
1 27509U 02040B   20176.99727935  .00000136  00000-0  00000+0 0  9995
2 27509   6.7373  54.0775 0002754  26.3935 233.7368  1.00276721 65363
DMSP 5D-3 F16 (USA 172) 
1 28054U 03048A   20177.39269734 -.00000109  00000-0 -33914-4 0  9990
2 28054  98.9120 156.4244 0007008 193.1342 323.8644 14.13654701861012
NOAA 18                 
1 28654U 05018A   20177.30902215  .00000086  00000-0  71245-4 0  9995
2 28654  99.0430 233.8113 0013885 204.8860 155.1643 14.12520449778117
METEOSAT-9 (MSG-2)      
1 28912U 05049B   20176.80609843  .00000019  00000-0  00000-0 0  9994
2 28912   4.4402  70.1247 0002378   0.1529 136.9757  1.00264677 53140
FORMOSAT-3 FM6          
1 29047U 06011A   20176.89823599  .00000114  00000-0  60752-4 0  9999
2 29047  71.9791  94.7979 0049174  47.7810 312.7483 14.28734528742381
FORMOSAT-3 FM1          
1 29048U 06011B   20176.84705469  .00000052  00000-0  36907-4 0  9996
2 29048  71.9667   5.8040 0043708   5.2512 354.9073 14.28704274744864
FORMOSAT-3 FM5          
1 29049U 06011C   20177.12771443  .00000024  00000-0  25727-4 0  9991
2 29049  72.0188 176.9201 0034066  30.6571 329.6546 14.28785764740692
FORMOSAT-3 FM3          
1 29050U 06011D   20176.82125405  .00000109  00000-0  33264-4 0  9999
2 29050  72.0161 322.8864 0051158 310.3431  49.3258 14.58922319757401
FORMOSAT-3 FM4          
1 29051U 06011E   20177.12740617  .00000048  00000-0  34580-4 0  9996
2 29051  72.0064  78.9633 0069843 271.5123  87.8013 14.28816491743280
FORMOSAT-3 FM2          
1 29052U 06011F   20177.12666178  .00000036  00000-0  30433-4 0  9996
2 29052  72.0332 153.1918 0040499 350.1381   9.8956 14.28921360741614
GOES 13                 
1 29155U 06018A   20177.11123632  .00000038  00000-0  00000+0 0  9993
2 29155   0.1319 252.5809 0005976 296.0396 186.6345  1.00275122 51628
METOP-A                 
1 29499U 06044A   20177.38987362 -.00000017  00000-0  11600-4 0  9991
2 29499  98.5213 223.9078 0000884 116.3099 303.8752 14.21500527710017
DMSP 5D-3 F17 (USA 191) 
1 29522U 06050A   20177.33988913 -.00000108  00000-0 -34060-4 0  9990
2 29522  98.8013 193.6223 0010307 149.2905 210.8873 14.14018412703856
FENGYUN 3A              
1 32958U 08026A   20176.96978295 -.00000017  00000-0  11681-4 0  9994
2 32958  98.4059 162.3178 0007954 322.0665  37.9951 14.18627850625897
FENGYUN 2E              
1 33463U 08066A   20176.82258602 -.00000199  00000-0  00000+0 0  9997
2 33463   4.3578  68.5160 0003332 313.8759 273.6679  1.00266751 42195
NOAA 19                 
1 33591U 09005A   20177.10095072  .00000057  00000-0  55968-4 0  9995
2 33591  99.1948 182.6477 0014868  57.0696 303.1902 14.12417061586473
GOES 14                 
1 35491U 09033A   20177.08436914 -.00000091  00000-0  00000+0 0  9999
2 35491   0.3400  98.1138 0008639 118.1902 343.4544  1.00270403 40265
METEOR-M 1              
1 35865U 09049A   20177.25671015  .00000006  00000-0  21212-4 0  9991
2 35865  98.4383 163.9663 0002797 143.1332 217.0039 14.22241284559023
DMSP 5D-3 F18 (USA 210) 
1 35951U 09057A   20177.39408606  .00000040  00000-0  43895-4 0  9994
2 35951  98.6444 167.0173 0010886 352.7709   7.3306 14.13277725551123
GOES 15                 
1 36411U 10008A   20177.06699250  .00000056  00000-0  00000+0 0  9998
2 36411   0.1022 267.9148 0002839 153.2977 108.6129  1.00262892 37776
COMS 1                  
1 36744U 10032A   20177.11368897 -.00000342  00000-0  00000+0 0  9999
2 36744   0.0286  74.0505 0000726  21.4397 347.3046  1.00270393 36768
FENGYUN 3B              
1 37214U 10059A   20177.33309368 -.00000018  00000-0  14149-4 0  9997
2 37214  99.0462 159.1905 0016076 244.2866 115.6655 14.15950805498795
SUOMI NPP               
1 37849U 11061A   20177.16565147  .00000004  00000-0  22837-4 0  9992
2 37849  98.7369 114.9852 0000846 102.3416  10.6181 14.19537647448718
FENGYUN 2F              
1 38049U 12002A   20176.91295896 -.00000356  00000-0  00000-0 0  9999
2 38049   2.0812  83.4933 0001745  78.8549 191.8668  1.00279397 30995
METEOSAT-10 (MSG-3)     
1 38552U 12035B   20177.09429734  .00000062  00000-0  00000+0 0  9996
2 38552   1.0009  15.5723 0000837  11.4887 289.7547  1.00273539 29323
METOP-B                 
1 38771U 12049A   20176.90124284 -.00000011  00000-0  14997-4 0  9995
2 38771  98.6909 236.0943 0001307  47.5502 125.8342 14.21498826403085
FENGYUN 3C              
1 39260U 13052A   20177.39996509 -.00000015  00000-0  13475-4 0  9999
2 39260  98.5495 227.4521 0010968 187.0007 173.1016 14.15840331349748
METEOR-M 2              
1 40069U 14037A   20177.36097748 -.00000020  00000-0  10201-4 0  9996
2 40069  98.5015 214.5974 0004548 257.1720 102.8952 14.20673400309338
HIMAWARI-8              
1 40267U 14060A   20176.83340328 -.00000273  00000-0  00000-0 0  9990
2 40267   0.0501 104.1661 0000652  25.2248 224.7302  1.00271643 20862
FENGYUN 2G              
1 40367U 14090A   20176.89692100 -.00000299  00000-0  00000-0 0  9996
2 40367   2.1018  94.5028 0002106 357.9570 243.5060  1.00266035 20147
METEOSAT-11 (MSG-4)     
1 40732U 15034A   20177.08243667  .00000000  00000-0  00000+0 0  9991
2 40732   0.8204 273.9908 0003135 214.8604 174.7211  1.00267542 18141
ELEKTRO-L 2             
1 41105U 15074A   20177.17939997 -.00000095  00000-0  00000+0 0  9993
2 41105   1.2183  97.1014 0000889  56.2476 260.9797  1.00273066 16625
HIMAWARI-9              
1 41836U 16064A   20176.83340328 -.00000273  00000-0  00000-0 0  9999
2 41836   0.0145 305.6476 0000512 130.2429 278.3372  1.00269462 13291
GOES 16                 
1 41866U 16071A   20177.07746081 -.00000246  00000-0  00000+0 0  9992
2 41866   0.0488 212.7316 0000569 276.6970  96.9356  1.00270900 13210
FENGYUN 4A              
1 41882U 16077A   20176.91325978 -.00000328  00000-0  00000-0 0  9998
2 41882   0.0415 309.4937 0004382 199.2748 198.1670  1.00276110 13089
CYGFM05                 
1 41884U 16078A   20176.86644316  .00000195  00000-0  12057-4 0  9995
2 41884  34.9574  13.9104 0014909 113.2897 246.9385 15.14634978195236
CYGFM04                 
1 41885U 16078B   20177.22958363  .00000203  00000-0  12298-4 0  9994
2 41885  34.9507   4.8086 0013374 127.6908 232.5018 15.15145675195357
CYGFM02                 
1 41886U 16078C   20176.89295802  .00000180  00000-0  11112-4 0  9997
2 41886  34.9598   8.6380 0014083 120.2603 239.9504 15.15146361195293
CYGFM01                 
1 41887U 16078D   20177.23153278  .00000182  00000-0  11458-4 0  9992
2 41887  34.9542  12.7910 0015381 117.3718 242.8560 15.14447806195274
CYGFM08                 
1 41888U 16078E   20177.22118243  .00000180  00000-0  11209-4 0  9997
2 41888  34.9512   8.6059 0014595 124.5428 235.6663 15.14863140195305
CYGFM06                 
1 41889U 16078F   20176.80599965  .00000191  00000-0  11694-4 0  9995
2 41889  34.9593   7.8688 0012993 119.3542 240.8468 15.15140216195284
CYGFM07                 
1 41890U 16078G   20176.85029888  .00000195  00000-0  11894-4 0  9990
2 41890  34.9531   6.6828 0012814 123.3661 236.8278 15.15139095195298
CYGFM03                 
1 41891U 16078H   20176.58215900  .00000206  00000-0  12487-4 0  9995
2 41891  34.9563   8.5975 0012251 119.5776 240.6158 15.15134658195253
FENGYUN 3D              
1 43010U 17072A   20177.33141851 -.00000041  00000-0  13731-5 0  9994
2 43010  98.7522 116.5724 0002446  67.5156 292.6280 14.19744051135313
NOAA 20                 
1 43013U 17073A   20177.39073738 -.00000014  00000-0  14179-4 0  9998
2 43013  98.7182 115.2144 0001012  66.5358 293.5925 14.19556360134781
GOES 17                 
1 43226U 18022A   20177.38729920  .00000099  00000-0  00000+0 0  9994
2 43226   0.0512 225.9214 0000241 174.0622 236.2274  1.00272155  8547
FENGYUN 2H              
1 43491U 18050A   20177.13972940 -.00000127  00000-0  00000+0 0  9997
2 43491   0.6399 273.9800 0003447 221.2677 268.1636  1.00270724  7624
METOP-C                 
1 43689U 18087A   20177.39735342 -.00000009  00000-0  15789-4 0  9991
2 43689  98.6972 236.8755 0001550 356.9497   3.1671 14.21492585 84723
GEO-KOMPSAT-2A          
1 43823U 18100A   20176.83087344 -.00000342  00000-0  00000-0 0  9993
2 43823   0.0489 184.1998 0001911 255.3922 261.2005  1.00269197  5717
IOD-1 GEMS              
1 44385U 98067QK  20176.60636124  .00010459  00000-0  13122-3 0  9999
2 44385  51.6405 296.5199 0002371 353.3946   6.7015 15.60352900 55611
METEOR-M2 2             
1 44387U 19038A   20177.37879476 -.00000046  00000-0 -13347-5 0  9990
2 44387  98.6205 137.2635 0001114 155.0060 205.1173 14.23679550 50667
